0 0.531679
1 0.313039
2 0.529831
3 0.327711
4 0.400471
5 0.119602
6 0.253951
7 0.354335
8 0.140757
9 0.254371
10 0.226376
11 0.300811
12 0.214971
13 0.133999
14 0.150082
15 0.288277
16 0.387182
17 0.278587
18 0.391898
19 0.229306
20 0.137977
21 0.105409
22 0.421423
23 0.257579
24 0.359361
25 0.114283
26 0.500118
27 0.340659
28 0.380945
29 0.280181
30 0.495152
31 0.516588
32 0.292036
33 0.505855
34 0.405803
35 0.570623
36 0.380889
37 0.394246
38 0.518866
39 0.591427
40 0.567579
41 0.231388
42 0.349243
43 0.511569
44 0.385051
45 0.523309
46 0.289906
47 0.484206
48 0.328173
