0 0.164196
1 0.152997
2 0.441989
3 0.318069
4 0.0322441
5 0.109558
6 0.188258
7 0.00317717
8 0.140757
9 0.0446025
10 0.046174
11 0.0509205
12 0.171947
13 0.133999
14 0.0466393
15 0.154922
16 0.353245
17 0.249561
18 0.186462
19 0.0978583
20 0.137977
21 0.105409
22 0.177987
23 0.257579
24 0.0130677
25 0.114283
26 0.04885
27 0.0343143
28 0.380945
29 0.0133081
30 0.188527
31 0.101878
32 0.0472126
33 0.0104115
34 0.386803
35 0.43474
36 0.316888
37 0.216941
38 0.404687
39 0.138923
40 0.0295838
41 0.231388
42 0.122624
43 0.0459597
44 0.221308
45 0.0074808
46 0.00776697
47 0.193637
48 0.0313737
