0 2
0 5
0 8
0 13
0 19
0 24
0 27
0 29
0 31
0 32
0 49
1 4
1 9
1 12
1 15
1 20
1 23
1 33
1 42
1 45
1 46
1 47
2 7
2 8
2 16
2 24
2 27
2 29
2 32
3 7
3 11
3 21
3 24
3 27
3 29
3 32
3 36
3 39
3 40
3 43
4 9
4 10
4 12
4 14
4 18
4 22
4 26
4 28
4 33
4 34
4 42
4 43
4 45
4 46
5 6
5 19
5 30
5 31
5 32
5 44
5 48
5 49
6 19
6 30
6 31
6 38
6 44
6 48
7 11
7 16
7 17
7 21
7 24
7 27
7 29
7 32
7 36
7 37
7 39
7 40
7 41
8 13
8 24
8 27
8 29
8 32
8 49
9 12
9 15
9 20
9 23
9 28
9 33
9 42
9 43
9 45
9 46
9 47
10 12
10 14
10 18
10 22
10 26
10 28
10 33
10 34
10 42
10 43
10 45
10 46
11 17
11 21
11 24
11 29
11 36
11 37
11 39
11 40
11 41
11 43
12 14
12 15
12 20
12 26
12 28
12 33
12 42
12 43
12 45
12 46
13 25
13 49
14 18
14 22
14 26
14 28
14 33
14 34
14 42
14 43
14 45
14 46
15 20
15 23
15 42
15 43
15 45
15 46
15 47
16 17
16 24
16 27
16 29
16 37
17 37
17 39
17 40
17 41
18 22
18 26
18 33
18 34
18 35
19 30
19 31
19 32
19 44
19 48
19 49
20 23
20 33
20 42
20 45
20 46
20 47
21 24
21 27
21 28
21 29
21 32
21 36
21 40
21 42
21 43
21 49
22 26
22 33
22 34
22 35
22 48
23 33
23 45
23 46
23 47
24 27
24 29
24 32
24 36
24 37
24 40
24 49
26 28
26 33
26 34
26 42
26 43
26 45
26 46
27 29
27 32
27 36
27 37
27 40
28 33
28 42
28 43
28 45
28 46
29 32
29 36
29 37
29 40
29 49
30 31
30 38
30 44
30 48
31 32
31 44
31 48
31 49
32 36
32 40
32 49
33 34
33 42
33 43
33 45
33 46
33 47
34 45
34 46
34 47
35 38
35 48
36 39
36 40
36 43
37 39
37 40
37 41
38 48
39 40
39 41
40 41
40 43
42 43
42 45
42 46
43 45
43 46
44 48
44 49
45 46
45 47
46 47
